0.0 0.0
0.003813542109072176 0.0
0.007627084218144352 0.0
0.011440626327216527 0.0
0.015254168436288703 0.0
0.01906771054536088 0.0
0.022881252654433054 0.0
0.026694794763505232 0.0
0.030508336872577407 0.0
0.03432187898164958 0.0
0.03813542109072176 0.0
0.04194896319979394 0.0
0.04576250530886611 0.0
0.049576047417938286 0.0
0.053389589527010464 0.0
0.057203131636082635 0.0
0.06101667374515481 0.0
0.06483021585422699 0.0
0.06864375796329916 0.0
0.07245730007237135 0.0
0.07627084218144352 0.0
0.08008438429051569 0.0
0.08389792639958787 0.0
0.08771146850866005 0.0
0.09152501061773222 0.0
0.0953385527268044 0.0
0.09915209483587657 0.0
0.10296563694494874 0.0
0.10677917905402093 0.0
0.1105927211630931 0.0
0.11440626327216527 0.0
0.11821980538123746 0.0
0.12203334749030963 0.0
0.1258468895993818 0.0
0.12966043170845398 0.0
0.13347397381752615 0.0
0.13728751592659832 0.0
0.1411010580356705 0.0
0.1449146001447427 0.0
0.14872814225381487 0.0
0.15254168436288704 0.0
0.1563552264719592 0.0
0.16016876858103138 0.0
0.16398231069010355 0.0
0.16779585279917575 0.0
0.17160939490824792 0.0
0.1754229370173201 0.0
0.17923647912639226 0.0
0.18305002123546443 0.0
0.1868635633445366 0.0
0.1906771054536088 0.0
0.19449064756268097 0.0
0.19830418967175314 0.0
0.20211773178082532 0.0
0.2059312738898975 0.0
0.20974481599896966 0.0
0.21355835810804186 0.0
0.21737190021711403 0.0
0.2211854423261862 0.0
0.22499898443525837 0.0
0.22881252654433054 0.0
0.2326260686534027 0.0
0.2364396107624749 0.0
0.24025315287154708 0.0
0.24406669498061925 0.0
0.24788023708969142 0.0
0.2516937791987636 0.0
0.25550732130783577 0.0
0.25932086341690797 0.0
0.2631344055259801 0.0
0.2669479476350523 0.0
0.2707614897441245 0.0
0.27457503185319665 0.0
0.27838857396226885 0.0
0.282202116071341 0.0
0.2860156581804132 0.0
0.2898292002894854 0.0
0.29364274239855753 0.0
0.29745628450762973 0.0
0.3012698266167019 0.0
0.3050833687257741 0.0
0.3088969108348462 0.0
0.3127104529439184 0.0
0.3165239950529906 0.0
0.32033753716206276 0.0
0.32415107927113496 0.0
0.3279646213802071 0.0
0.3317781634892793 0.0
0.3355917055983515 0.0
0.33940524770742364 0.0
0.34321878981649584 0.0
0.347032331925568 0.0
0.3508458740346402 0.0
0.3546594161437123 0.0
0.3584729582527845 0.0
0.3622865003618567 0.0
0.36610004247092887 0.0
0.36991358458000106 0.0
0.3737271266890732 0.0
0.3775406687981454 0.0
0.3775406687981454 4.255251930412761
0.3800145946810112 4.244419074184591
0.3824885205638769 4.233860642401144
0.38496244644674266 4.223572954475381
0.3874363723296084 4.213552449672405
0.38991029821247414 4.203795683827901
0.3923842240953399 4.194299326203371
0.3948581499782057 4.185060156472495
0.3973320758610714 4.176075061833294
0.39980600174393716 4.167341034240999
0.4022799276268029 4.158855167756855
0.40475385350966864 4.150614656008257
0.4072277793925344 4.142616789755938
0.4097017052754002 4.134858954564059
0.4121756311582659 4.1273386285693485
0.41464955704113166 4.120053380345584
0.4171234829239974 4.113000866859909
0.41959740880686314 4.106178831517681
0.4220713346897289 4.0995851022926875
0.4245452605725946 4.093217589939747
0.4270191864554604 4.087074286286873
0.42949311233832616 4.0811532626043165
0.43196703822119187 4.075452668047934
0.43444096410405764 4.069970728174493
0.4369148899869234 4.064705743526626
0.4393888158697891 4.059656088285278
0.4418627417526549 4.0548202089876195
0.44433666763552065 4.050196623308483
0.44681059351838637 4.045783918903521
0.44928451940125214 4.041580752312365
0.4517584452841179 4.037585847920163
0.4542323711669836 4.033797996975988
0.4567062970498494 4.030216056666675
0.45918022293271515 4.026838949244757
0.46165414881558087 4.023665661209229
0.46412807469844664 4.020695242537987
0.4666020005813124 4.0179268059708235
0.4690759264641781 4.015359526341978
0.4715498523470439 4.012992639961294
0.47402377822990965 4.0108254440431
0.47649770411277537 4.00885729618203
0.47897162999564113 4.007087613875044
0.4814455558785069 4.005515874088973
0.4839194817613726 4.004141612872998
0.4863934076442384 4.002964425015522
0.48886733352710415 4.001983963744956
0.49134125940996987 4.001199940474021
0.49381518529283563 4.000612124587186
0.4962891111757014 4.000220343270981
0.4987630370585671 4.000024481386929
0.5012369629414328 4.000024481386929
0.5037108888242986 4.000220343270982
0.5061848147071644 4.000612124587186
0.5086587405900301 4.00119994047402
0.5111326664728959 4.001983963744956
0.5136065923557617 4.002964425015521
0.5160805182386273 4.004141612872998
0.5185544441214931 4.005515874088974
0.5210283700043589 4.007087613875044
0.5235022958872246 4.00885729618203
0.5259762217700904 4.0108254440431
0.5284501476529562 4.012992639961294
0.5309240735358218 4.015359526341979
0.5333979994186876 4.0179268059708235
0.5358719253015534 4.020695242537987
0.5383458511844191 4.023665661209229
0.5408197770672849 4.026838949244757
0.5432937029501506 4.030216056666675
0.5457676288330163 4.033797996975988
0.5482415547158821 4.0375858479201625
0.5507154805987479 4.041580752312365
0.5531894064816136 4.0457839189035205
0.5556633323644794 4.050196623308483
0.5581372582473451 4.0548202089876195
0.5606111841302108 4.059656088285278
0.5630851100130766 4.064705743526626
0.5655590358959424 4.069970728174493
0.5680329617788081 4.075452668047934
0.5705068876616739 4.0811532626043165
0.5729808135445396 4.087074286286873
0.5754547394274053 4.093217589939747
0.5779286653102711 4.0995851022926875
0.5804025911931369 4.106178831517682
0.5828765170760026 4.11300086685991
0.5853504429588684 4.120053380345584
0.5878243688417341 4.1273386285693485
0.5902982947245998 4.134858954564059
0.5927722206074656 4.142616789755938
0.5952461464903314 4.1506146560082575
0.5977200723731971 4.158855167756854
0.6001939982560629 4.167341034240999
0.6026679241389286 4.176075061833294
0.6051418500217943 4.185060156472496
0.6076157759046601 4.194299326203371
0.6100897017875259 4.203795683827901
0.6125636276703916 4.213552449672405
0.6150375535532574 4.223572954475381
0.6175114794361231 4.233860642401143
0.6199854053189888 4.244419074184591
0.6224593312018546 4.255251930412761
0.6224593312018546 0.0
0.6262728733109267 0.0
0.630086415419999 0.0
0.6338999575290711 0.0
0.6377134996381433 0.0
0.6415270417472154 0.0
0.6453405838562877 0.0
0.6491541259653598 0.0
0.652967668074432 0.0
0.6567812101835042 0.0
0.6605947522925764 0.0
0.6644082944016485 0.0
0.6682218365107208 0.0
0.6720353786197929 0.0
0.675848920728865 0.0
0.6796624628379372 0.0
0.6834760049470094 0.0
0.6872895470560816 0.0
0.6911030891651537 0.0
0.694916631274226 0.0
0.6987301733832981 0.0
0.7025437154923703 0.0
0.7063572576014424 0.0
0.7101707997105147 0.0
0.7139843418195868 0.0
0.717797883928659 0.0
0.7216114260377312 0.0
0.7254249681468034 0.0
0.7292385102558755 0.0
0.7330520523649476 0.0
0.7368655944740199 0.0
0.740679136583092 0.0
0.7444926786921642 0.0
0.7483062208012364 0.0
0.7521197629103086 0.0
0.7559333050193807 0.0
0.759746847128453 0.0
0.7635603892375251 0.0
0.7673739313465973 0.0
0.7711874734556694 0.0
0.7750010155647417 0.0
0.7788145576738138 0.0
0.7826280997828859 0.0
0.7864416418919582 0.0
0.7902551840010303 0.0
0.7940687261101025 0.0
0.7978822682191746 0.0
0.8016958103282469 0.0
0.805509352437319 0.0
0.8093228945463912 0.0
0.8131364366554634 0.0
0.8169499787645356 0.0
0.8207635208736077 0.0
0.82457706298268 0.0
0.8283906050917521 0.0
0.8322041472008243 0.0
0.8360176893098964 0.0
0.8398312314189686 0.0
0.8436447735280408 0.0
0.8474583156371129 0.0
0.8512718577461852 0.0
0.8550853998552573 0.0
0.8588989419643295 0.0
0.8627124840734016 0.0
0.8665260261824739 0.0
0.870339568291546 0.0
0.8741531104006182 0.0
0.8779666525096904 0.0
0.8817801946187626 0.0
0.8855937367278347 0.0
0.889407278836907 0.0
0.8932208209459791 0.0
0.8970343630550512 0.0
0.9008479051641234 0.0
0.9046614472731956 0.0
0.9084749893822678 0.0
0.9122885314913399 0.0
0.9161020736004122 0.0
0.9199156157094843 0.0
0.9237291578185565 0.0
0.9275426999276286 0.0
0.9313562420367009 0.0
0.935169784145773 0.0
0.9389833262548452 0.0
0.9427968683639174 0.0
0.9466104104729895 0.0
0.9504239525820617 0.0
0.9542374946911338 0.0
0.9580510368002061 0.0
0.9618645789092782 0.0
0.9656781210183504 0.0
0.9694916631274226 0.0
0.9733052052364948 0.0
0.9771187473455669 0.0
0.9809322894546392 0.0
0.9847458315637113 0.0
0.9885593736727835 0.0
0.9923729157818556 0.0
0.9961864578909279 0.0
1.0 0.0
