0.0 0.0
6.760455479075611e-5 0.0
0.00013520910958151223 0.0
0.00020281366437226834 0.0
0.00027041821916302445 0.0
0.00033802277395378056 0.0
0.0004056273287445367 0.0
0.0004732318835352928 0.0
0.0005408364383260489 0.0
0.0006084409931168051 0.0
0.0006760455479075611 0.0
0.0007436501026983173 0.0
0.0008112546574890734 0.0
0.0008788592122798295 0.0
0.0009464637670705856 0.0
0.0010140683218613417 0.0
0.0010816728766520978 0.0
0.0011492774314428539 0.0
0.0012168819862336101 0.0
0.0012844865410243662 0.0
0.0013520910958151223 0.0
0.0014196956506058785 0.0
0.0014873002053966346 0.0
0.0015549047601873906 0.0
0.0016225093149781467 0.0
0.001690113869768903 0.0
0.001757718424559659 0.0
0.001825322979350415 0.0
0.0018929275341411712 0.0
0.0019605320889319274 0.0
0.0020281366437226835 0.0
0.0020957411985134396 0.0
0.0021633457533041956 0.0
0.0022309503080949517 0.0
0.0022985548628857077 0.0
0.0023661594176764642 0.0
0.0024337639724672203 0.0
0.0025013685272579763 0.0
0.0025689730820487324 0.0
0.0026365776368394885 0.0
0.0027041821916302445 0.0
0.0027717867464210006 0.0
0.002839391301211757 0.0
0.002906995856002513 0.0
0.002974600410793269 0.0
0.0030422049655840252 0.0
0.0031098095203747813 0.0
0.0031774140751655374 0.0
0.0032450186299562934 0.0
0.0033126231847470495 0.0
0.003380227739537806 0.0
0.003447832294328562 0.0
0.003515436849119318 0.0
0.003583041403910074 0.0
0.00365064595870083 0.0
0.0037182505134915863 0.0
0.0037858550682823423 0.0
0.0038534596230730984 0.0
0.003921064177863855 0.0
0.0039886687326546105 0.0
0.004056273287445367 0.0
0.0041238778422361235 0.0
0.004191482397026879 0.0
0.004259086951817636 0.0
0.004326691506608391 0.0
0.004394296061399148 0.0
0.004461900616189903 0.0
0.00452950517098066 0.0
0.0045971097257714155 0.0
0.004664714280562172 0.0
0.0047323188353529284 0.0
0.004799923390143684 0.0
0.0048675279449344406 0.0
0.004935132499725196 0.0
0.005002737054515953 0.0
0.005070341609306708 0.0
0.005137946164097465 0.0
0.005205550718888221 0.0
0.005273155273678977 0.0
0.005340759828469733 0.0
0.005408364383260489 0.0
0.0054759689380512455 0.0
0.005543573492842001 0.0
0.005611178047632758 0.0
0.005678782602423514 0.0
0.00574638715721427 0.0
0.005813991712005026 0.0
0.005881596266795782 0.0
0.005949200821586538 0.0
0.006016805376377294 0.0
0.0060844099311680505 0.0
0.006152014485958806 0.0
0.006219619040749563 0.0
0.006287223595540319 0.0
0.006354828150331075 0.0
0.006422432705121831 0.0
0.006490037259912587 0.0
0.006557641814703343 0.0
0.006625246369494099 0.0
0.0066928509242848554 0.0
0.0066928509242848554 15.04198970495757
0.016658651915713446 6.104580784900344
0.026624452907142035 3.858680992474081
0.036590253898570624 2.8367661858431
0.04655605488999921 2.2528312581434764
0.05652185588142781 1.8752179112509861
0.06648765687285639 1.6111608759894653
0.07645345786428498 1.4162635591542196
0.08641925885571358 1.2666088750728612
0.09638505984714217 1.1481717993613454
0.10635086083857076 1.0521846193666073
0.11631666182999935 0.9728847674572484
0.12628246282142794 0.9063290574550381
0.1362482638128565 0.8497283141762484
0.14621406480428512 0.8010541099377592
0.15617986579571372 0.7587960665408968
0.1661456667871423 0.7218065039677924
0.1761114677785709 0.6891978364363608
0.18607726876999947 0.6602729408598744
0.19604306976142807 0.6344767648055573
0.20600887075285665 0.6113619817464306
0.21597467174428525 0.5905641563924405
0.22594047273571383 0.5717834839204905
0.23590627372714243 0.5547711592404945
0.245872074718571 0.5393190627637726
0.2558378757099996 0.5252518584885786
0.2658036767014282 0.5124208714379939
0.2757694776928568 0.5006992944949716
0.2857352786842854 0.48997840024418626
0.29570107967571396 0.48016452091095463
0.30566688066714254 0.4711766213009527
0.31563268165857117 0.4629443338952383
0.32559848264999974 0.45540635731911044
0.3355642836414283 0.44850914290031557
0.3455300846328569 0.44220581143345056
0.3554958856242855 0.43645525528248547
0.3654616866157141 0.4312213907788574
0.3754274876071427 0.42647253335595964
0.38539328859857125 0.4221808736085609
0.3953590895899999 0.4183220369161735
0.40532489058142845 0.41487471274272264
0.41529069157285703 0.4118203424568007
0.42525649256428566 0.4091428566825494
0.43522229355571423 0.40682845492218
0.4451880945471428 0.40486542158666244
0.4551538955385714 0.40324397370702136
0.46511969653 0.40195613653340134
0.4750854975214286 0.40099564400812093
0.48505129851285717 0.40035786175825894
0.49501709950428574 0.40003973082171385
0.5049829004957144 0.40003973082171385
0.514948701487143 0.40035786175825894
0.5249145024785715 0.4009956440081209
0.5348803034700002 0.4019561365334014
0.5448461044614287 0.4032439737070214
0.5548119054528573 0.4048654215866625
0.5647777064442859 0.40682845492218006
0.5747435074357145 0.4091428566825494
0.5847093084271431 0.41182034245680077
0.5946751094185717 0.4148747127427227
0.6046409104100002 0.41832203691617353
0.6146067114014289 0.42218087360856094
0.6245725123928574 0.4264725333559597
0.634538313384286 0.4312213907788574
0.6445041143757146 0.43645525528248563
0.6544699153671432 0.44220581143345056
0.6644357163585718 0.44850914290031574
0.6744015173500004 0.45540635731911067
0.6843673183414289 0.4629443338952385
0.6943331193328576 0.47117662130095295
0.7042989203242862 0.48016452091095485
0.7142647213157147 0.48997840024418643
0.7242305223071434 0.5006992944949717
0.7341963232985719 0.5124208714379939
0.7441621242900005 0.5252518584885788
0.7541279252814291 0.5393190627637727
0.7640937262728577 0.5547711592404946
0.7740595272642863 0.5717834839204908
0.7840253282557149 0.5905641563924411
0.7939911292471434 0.6113619817464306
0.8039569302385721 0.6344767648055574
0.8139227312300007 0.660272940859875
0.8238885322214292 0.689197836436361
0.8338543332128578 0.721806503967793
0.8438201342042864 0.7587960665408972
0.853785935195715 0.8010541099377596
0.8637517361871436 0.8497283141762494
0.8737175371785721 0.906329057455039
0.8836833381700008 0.9728847674572494
0.8936491391614294 1.0521846193666085
0.9036149401528579 1.1481717993613467
0.9135807411442866 1.2666088750728637
0.9235465421357152 1.416263559154221
0.9335123431271437 1.6111608759894671
0.9434781441185723 1.8752179112509892
0.9534439451100009 2.252831258143482
0.9634097461014295 2.8367661858431084
0.9733755470928581 3.8586809924741066
0.9833413480842866 6.104580784900344
0.9933071490757153 15.041989704957794
0.9933071490757153 0.0
0.993374753630506 0.0
0.9934423581852968 0.0
0.9935099627400875 0.0
0.9935775672948783 0.0
0.993645171849669 0.0
0.9937127764044598 0.0
0.9937803809592506 0.0
0.9938479855140413 0.0
0.993915590068832 0.0
0.9939831946236228 0.0
0.9940507991784135 0.0
0.9941184037332044 0.0
0.9941860082879951 0.0
0.9942536128427858 0.0
0.9943212173975766 0.0
0.9943888219523673 0.0
0.9944564265071582 0.0
0.9945240310619489 0.0
0.9945916356167396 0.0
0.9946592401715304 0.0
0.9947268447263211 0.0
0.9947944492811118 0.0
0.9948620538359026 0.0
0.9949296583906934 0.0
0.9949972629454842 0.0
0.9950648675002749 0.0
0.9951324720550656 0.0
0.9952000766098564 0.0
0.9952676811646471 0.0
0.995335285719438 0.0
0.9954028902742287 0.0
0.9954704948290194 0.0
0.9955380993838102 0.0
0.9956057039386009 0.0
0.9956733084933916 0.0
0.9957409130481825 0.0
0.9958085176029732 0.0
0.995876122157764 0.0
0.9959437267125547 0.0
0.9960113312673454 0.0
0.9960789358221362 0.0
0.996146540376927 0.0
0.9962141449317178 0.0
0.9962817494865085 0.0
0.9963493540412992 0.0
0.99641695859609 0.0
0.9964845631508807 0.0
0.9965521677056715 0.0
0.9966197722604623 0.0
0.996687376815253 0.0
0.9967549813700438 0.0
0.9968225859248345 0.0
0.9968901904796252 0.0
0.9969577950344161 0.0
0.9970253995892068 0.0
0.9970930041439975 0.0
0.9971606086987883 0.0
0.997228213253579 0.0
0.9972958178083698 0.0
0.9973634223631606 0.0
0.9974310269179513 0.0
0.9974986314727421 0.0
0.9975662360275328 0.0
0.9976338405823236 0.0
0.9977014451371143 0.0
0.997769049691905 0.0
0.9978366542466959 0.0
0.9979042588014866 0.0
0.9979718633562773 0.0
0.9980394679110681 0.0
0.9981070724658588 0.0
0.9981746770206497 0.0
0.9982422815754404 0.0
0.9983098861302311 0.0
0.9983774906850219 0.0
0.9984450952398126 0.0
0.9985126997946034 0.0
0.9985803043493942 0.0
0.9986479089041849 0.0
0.9987155134589757 0.0
0.9987831180137664 0.0
0.9988507225685571 0.0
0.9989183271233479 0.0
0.9989859316781387 0.0
0.9990535362329295 0.0
0.9991211407877202 0.0
0.9991887453425109 0.0
0.9992563498973017 0.0
0.9993239544520924 0.0
0.9993915590068833 0.0
0.999459163561674 0.0
0.9995267681164647 0.0
0.9995943726712555 0.0
0.9996619772260462 0.0
0.9997295817808369 0.0
0.9997971863356278 0.0
0.9998647908904185 0.0
0.9999323954452093 0.0
1.0 0.0
