0.0 0.0
0.0007662442426388237 0.0
0.0015324884852776473 0.0
0.002298732727916471 0.0
0.0030649769705552946 0.0
0.0038312212131941183 0.0
0.004597465455832942 0.0
0.005363709698471766 0.0
0.006129953941110589 0.0
0.006896198183749413 0.0
0.0076624424263882366 0.0
0.00842868666902706 0.0
0.009194930911665884 0.0
0.009961175154304709 0.0
0.010727419396943532 0.0
0.011493663639582355 0.0
0.012259907882221178 0.0
0.013026152124860003 0.0
0.013792396367498827 0.0
0.01455864061013765 0.0
0.015324884852776473 0.0
0.016091129095415296 0.0
0.01685737333805412 0.0
0.017623617580692946 0.0
0.018389861823331768 0.0
0.019156106065970593 0.0
0.019922350308609418 0.0
0.02068859455124824 0.0
0.021454838793887064 0.0
0.022221083036525886 0.0
0.02298732727916471 0.0
0.023753571521803536 0.0
0.024519815764442357 0.0
0.025286060007081182 0.0
0.026052304249720007 0.0
0.02681854849235883 0.0
0.027584792734997653 0.0
0.02835103697763648 0.0
0.0291172812202753 0.0
0.029883525462914125 0.0
0.030649769705552946 0.0
0.031416013948191775 0.0
0.03218225819083059 0.0
0.03294850243346942 0.0
0.03371474667610824 0.0
0.03448099091874707 0.0
0.03524723516138589 0.0
0.03601347940402471 0.0
0.036779723646663535 0.0
0.03754596788930236 0.0
0.038312212131941185 0.0
0.03907845637458001 0.0
0.039844700617218835 0.0
0.04061094485985765 0.0
0.04137718910249648 0.0
0.0421434333451353 0.0
0.04290967758777413 0.0
0.04367592183041295 0.0
0.04444216607305177 0.0
0.045208410315690596 0.0
0.04597465455832942 0.0
0.046740898800968246 0.0
0.04750714304360707 0.0
0.048273387286245896 0.0
0.049039631528884714 0.0
0.04980587577152354 0.0
0.050572120014162364 0.0
0.05133836425680119 0.0
0.052104608499440014 0.0
0.05287085274207883 0.0
0.05363709698471766 0.0
0.05440334122735648 0.0
0.05516958546999531 0.0
0.05593582971263413 0.0
0.05670207395527296 0.0
0.057468318197911775 0.0
0.0582345624405506 0.0
0.059000806683189425 0.0
0.05976705092582825 0.0
0.060533295168467074 0.0
0.06129953941110589 0.0
0.06206578365374472 0.0
0.06283202789638355 0.0
0.06359827213902236 0.0
0.06436451638166119 0.0
0.06513076062430001 0.0
0.06589700486693884 0.0
0.06666324910957766 0.0
0.06742949335221649 0.0
0.06819573759485531 0.0
0.06896198183749414 0.0
0.06972822608013296 0.0
0.07049447032277179 0.0
0.07126071456541061 0.0
0.07202695880804942 0.0
0.07279320305068825 0.0
0.07355944729332707 0.0
0.0743256915359659 0.0
0.07509193577860472 0.0
0.07585818002124355 0.0
0.07585818002124355 2.8529157918654744
0.084426701636976 2.587361160041461
0.09299522325270845 2.371154103056398
0.10156374486844091 2.191815636435404
0.11013226648417336 2.0407507234076996
0.11870078809990582 1.911846461136839
0.12726930971563827 1.8006365381945906
0.13583783133137073 1.7037819243678844
0.1444063529471032 1.618736444727036
0.15297487456283565 1.5435247470722093
0.16154339617856808 1.4765909321444943
0.17011191779430054 1.416692931730398
0.178680439410033 1.3628272780248205
0.18724896102576546 1.3141745293860911
0.1958174826414979 1.2700590254250168
0.20438600425723036 1.2299187663817572
0.21295452587296282 1.1932825653179144
0.22152304748869528 1.1597525040187944
0.23009156910442774 1.1289903101377985
0.23866009072016017 1.1007066701963577
0.24722861233589263 1.074652766275581
0.25579713395162507 1.0506135150892342
0.2643656555673575 1.028402123309188
0.27293417718309 1.0078556700018302
0.28150269879882245 0.9888314974529798
0.2900712204145549 0.9712042433578291
0.29863974203028737 0.9548633857025881
0.30720826364601983 0.9397112003892195
0.3157767852617523 0.9256610533658884
0.32434530687748475 0.9126359655765278
0.33291382849321716 0.900567401761636
0.3414823501089496 0.8893942439908382
0.3500508717246821 0.8790619184887211
0.35861939334041454 0.8695216503471156
0.367187914956147 0.8607298254845742
0.37575643657187946 0.8526474430058621
0.3843249581876119 0.845239644148756
0.3928934798033444 0.8384753064479886
0.40146200141907684 0.8323266937236637
0.4100305230348093 0.826769154111631
0.4185990446505417 0.8217808596720507
0.42716756626627417 0.8173425821988709
0.43573608788200663 0.8134375007537591
0.4443046094977391 0.8100510371999502
0.45287313111347155 0.8071707166438444
0.461441652729204 0.8047860502285108
0.47001017434493647 0.8028884381825689
0.47857869596066893 0.8014710914258142
0.4871472175764014 0.8005289703822581
0.4957157391921338 0.8000587399628059
0.5042842608078663 0.800058739962806
0.5128527824235988 0.8005289703822581
0.5214213040393312 0.8014710914258141
0.5299898256550636 0.8028884381825689
0.5385583472707961 0.8047860502285108
0.5471268688865285 0.8071707166438445
0.555695390502261 0.8100510371999501
0.5642639121179934 0.8134375007537593
0.5728324337337259 0.817342582198871
0.5814009553494583 0.8217808596720506
0.5899694769651909 0.8267691541116311
0.5985379985809233 0.8323266937236637
0.6071065201966558 0.8384753064479888
0.6156750418123882 0.8452396441487561
0.6242435634281206 0.8526474430058623
0.6328120850438531 0.8607298254845743
0.6413806066595855 0.8695216503471157
0.649949128275318 0.8790619184887213
0.6585176498910504 0.8893942439908383
0.667086171506783 0.9005674017616363
0.6756546931225154 0.9126359655765279
0.6842232147382479 0.9256610533658888
0.6927917363539803 0.9397112003892198
0.7013602579697127 0.9548633857025881
0.7099287795854452 0.9712042433578293
0.7184973012011776 0.9888314974529798
0.7270658228169101 1.0078556700018302
0.7356343444326425 1.0284021233091885
0.744202866048375 1.0506135150892344
0.7527713876641074 1.074652766275581
0.76133990927984 1.100706670196358
0.7699084308955724 1.128990310137799
0.7784769525113048 1.159752504018795
0.7870454741270373 1.1932825653179149
0.7956139957427697 1.229918766381757
0.8041825173585022 1.2700590254250166
0.8127510389742346 1.3141745293860922
0.8213195605899671 1.362827278024821
0.8298880822056995 1.4166929317303987
0.8384566038214321 1.4765909321444948
0.8470251254371645 1.5435247470722098
0.8555936470528969 1.618736444727036
0.8641621686686294 1.7037819243678856
0.8727306902843618 1.8006365381945912
0.8812992119000943 1.91184646113684
0.8898677335158267 2.040750723407701
0.8984362551315592 2.1918156364354076
0.9070047767472916 2.371154103056398
0.9155732983630241 2.587361160041465
0.9241418199787566 2.852915791865476
0.9241418199787566 0.0
0.9249080642213954 0.0
0.9256743084640342 0.0
0.926440552706673 0.0
0.9272067969493119 0.0
0.9279730411919507 0.0
0.9287392854345895 0.0
0.9295055296772283 0.0
0.9302717739198672 0.0
0.931038018162506 0.0
0.9318042624051448 0.0
0.9325705066477836 0.0
0.9333367508904225 0.0
0.9341029951330613 0.0
0.9348692393757001 0.0
0.9356354836183389 0.0
0.9364017278609778 0.0
0.9371679721036166 0.0
0.9379342163462554 0.0
0.9387004605888942 0.0
0.939466704831533 0.0
0.9402329490741719 0.0
0.9409991933168107 0.0
0.9417654375594495 0.0
0.9425316818020884 0.0
0.9432979260447271 0.0
0.9440641702873659 0.0
0.9448304145300047 0.0
0.9455966587726435 0.0
0.9463629030152824 0.0
0.9471291472579212 0.0
0.94789539150056 0.0
0.9486616357431988 0.0
0.9494278799858377 0.0
0.9501941242284765 0.0
0.9509603684711153 0.0
0.9517266127137541 0.0
0.952492856956393 0.0
0.9532591011990318 0.0
0.9540253454416706 0.0
0.9547915896843094 0.0
0.9555578339269483 0.0
0.9563240781695871 0.0
0.9570903224122259 0.0
0.9578565666548647 0.0
0.9586228108975036 0.0
0.9593890551401424 0.0
0.9601552993827812 0.0
0.96092154362542 0.0
0.9616877878680589 0.0
0.9624540321106977 0.0
0.9632202763533365 0.0
0.9639865205959753 0.0
0.9647527648386142 0.0
0.965519009081253 0.0
0.9662852533238918 0.0
0.9670514975665306 0.0
0.9678177418091695 0.0
0.9685839860518083 0.0
0.9693502302944471 0.0
0.9701164745370859 0.0
0.9708827187797248 0.0
0.9716489630223636 0.0
0.9724152072650024 0.0
0.9731814515076412 0.0
0.9739476957502801 0.0
0.9747139399929189 0.0
0.9754801842355577 0.0
0.9762464284781965 0.0
0.9770126727208354 0.0
0.9777789169634742 0.0
0.978545161206113 0.0
0.9793114054487518 0.0
0.9800776496913907 0.0
0.9808438939340295 0.0
0.9816101381766682 0.0
0.982376382419307 0.0
0.9831426266619459 0.0
0.9839088709045847 0.0
0.9846751151472235 0.0
0.9854413593898623 0.0
0.9862076036325012 0.0
0.98697384787514 0.0
0.9877400921177788 0.0
0.9885063363604176 0.0
0.9892725806030565 0.0
0.9900388248456953 0.0
0.9908050690883341 0.0
0.9915713133309729 0.0
0.9923375575736118 0.0
0.9931038018162506 0.0
0.9938700460588894 0.0
0.9946362903015282 0.0
0.995402534544167 0.0
0.9961687787868059 0.0
0.9969350230294447 0.0
0.9977012672720835 0.0
0.9984675115147224 0.0
0.9992337557573612 0.0
1.0 0.0
