3.74954
3.55862
3.64115
2.73944
3.9193
3.0844
2.12903
3.18981
2.62105
3.18072
3.0303
3.41758
4.552
3.02542
3.28621
3.09856
2.90321
3.78437
3.32468
3.14655
3.4633
2.24631
3.5561
2.994
3.97017
2.79372
3.52747
3.82325
3.59847
3.76184
3.0543
4.07174
4.16865
2.71296
3.14541
3.02023
3.98932
2.05112
2.43617
2.92057
1.63441
2.32812
2.57143
3.68404
2.96869
3.8065
3.26638
3.71094
3.66667
3.02744
3.56667
3.75714
1.67544
2.98742
3.02452
3.64866
3.67855
3.61201
2.78922
2.14915
2.95238
3.62414
3.25
2.42105
2.32946
2.29518
2.55709
4.1426
3.2931
2.73178
3.77002
3.14525
3.89157
3.18557
2.57078
4.09039
2.85277
2.94165
3.76538
2.79927
3.43955
3.04202
3.72933
3.22129
4.25188
1.95455
2.81197
3.83538
2.69134
3.496
3.89594
3.56522
2.68966
3.68421
2.58289
3.36885
3.87183
3.91538
2.42063
2.65385
3.37273
2.73636
3.6555
3.69771
3.13021
4.09787
3.35223
3.16732
2.67706
3.03381
3.08288
3.00418
3.88514
3.36682
3.53904
3.53908
3.46177
3.43295
2.69792
2.42478
3.61616
2.91189
2.83333
2.26627
3.37073
3.20186
2.63039
3.21583
2.14815
2.23256
2.69504
3.0747
3.73781
2.13131
4.13802
2.975
2.39216
3.94223
2.51042
2.52941
2.97619
2.80982
3.85303
3.20069
3.07473
2.42077
2.16794
3.30495
3.01613
2.88302
1.95455
3.93408
2.74766
2.94304
3.59694
3.49517
3.37872
2.65775
3.93293
3.00779
3.85362
2.95992
2.37824
2.6273
3.91696
3.55633
4.09223
3.24242
3.38806
3.1814
3.74249
3.12733
3.53891
3.31937
4.00385
3.26667
2.6805
3.37286
2.45804
3.83375
2.60006
3.0812
3.01227
3.33835
3.05747
3.37801
3.01217
2.76187
3.34647
2.09615
3.9322
3.2
2.97521
3.13467
3.2973
3.46753
3.47893
3.08247
3.89318
3.00775
3.4174
3.10471
3.15625
2.7087
3.30214
3.85858
2.86047
3.35883
4.16076
3.15138
3.55505
2.77865
3.47099
2.91935
4.06258
3.21821
2.95294
3.22609
2.6036
3.25792
3.43478
2.60606
4.21119
3.83149
2.73374
2.44444
3.41729
2.83158
3.83129
3.09524
2.94271
3.18268
3.24163
2.96907
3.02489
2.32
3.39943
3.67837
3.76804
3.9485
4.1579
3.91116
3.02521
3.86667
2.78022
3.11601
3.03216
3.63334
3.18274
3.43855
3.8804
3.39045
4.06792
2.04211
3.14239
3.44072
3.91158
2.95122
3.22032
3.1561
3.69011
3.71037
3.98444
2.88806
3.25
3.05556
3.68675
3.71145
3.75628
4.28937
3.1046
2.91935
3.36248
2.76744
3.63341
2.07826
3.44586
2.14458
3.16961
3.3525
3.75505
3.66667
3.70656
2.25773
3.3266
2.91623
3.572
3.54704
2.33477
3.5845
2.22222
3.85768
3.7598
3.15152
3.31467
2.91379
2.87883
3.1011
3.70664
2.45536
2.60571
2.81797
3.08889
3.76831
3.62441
3.05584
3.47541
2.78
3.07506
3.3618
3.57789
3.71013
3.68935
3.4144
3.29358
4.30198
3
2.33684
3.02521
2.81452
2.72222
2.58909
2.41994
3.06138
4.19536
3.29091
3.18539
2.89848
3.58786
3.46094
3.62202
2.25503
3.78626
3.55764
2.18121
3.17085
2.97296
3.88944
3.78481
2.9382
3.05102
3.70324
3.17391
3.697
4.11138
3.05155
2.43519
3.40529
2.46827
3.79583
2.93798
2.56303
3.25484
2.28169
2
3.06898
3.51238
3.5389
4.15437
2.39399
3.63583
2.51321
2.95435
2.93496
3.21538
3.49714
3.13966
3.41147
2.86071
3.1095
3.87425
2.39189
2.77647
3.32922
3.02665
3.42487
2.53571
2.83787
2.63291
3.09263
3.39204
3.08228
2.74439
3.73713
3.62778
2.94963
3.51531
2.32258
3.11253
2.69058
3.53846
3.23333
3.32279
3.57205
3.98793
3.10294
3.92914
2.74839
2.336
3.83266
3.63463
3.2459
3.09091
2.49127
3.75158
3.76276
2.68037
3.40553
3.5481
3.90486
2.91626
3.125
3.41058
2.93697
1.7619
2.98756
3.93106
2.72732
3.90682
3.71346
4.04357
3.39542
2.98311
3.55644
3.6699
3.24686
2.86908
2.83478
3.36177
4.04787
3.54219
3.98895
3.55541
3.47826
2.86589
3.81463
3.27273
3.03098
3.21657
2.92523
3.77059
3.93413
3.97371
3.16667
3.53969
2.83727
3.41758
3.20106
2.98889
3.35036
4.16547
2.89424
3.5493
3.93344
3.78827
3.67878
3.87439
3.54648
3.47765
2.19477
3.46875
4.03856
4.09274
2.7561
2.92
3.74862
3.56303
3.51704
2.78095
2.4456
4.07133
3.05825
4.03343
3.59835
3.00192
4.13271
3.96386
3.25986
3.87133
2.57382
3.10372
3.78755
3.45151
3.51724
3.56109
3.65077
3.70758
3.65815
3.55242
2.87171
3.36806
2.96111
2.60377
4.00149
3.09833
3.71064
3.47826
4.06738
3.04492
3.63534
3.80065
3.70133
3.61753
4.06103
3.13979
2.79618
3.60428
2.98969
2.46774
3.23913
2.77758
2.83165
2.09198
3.80623
1.28788
3.78133
3.47815
3.80379
3.73607
3.87429
2.70455
3.30313
3.03401
3.2764
2.03448
2.91394
2.27675
2.9831
3.36401
2.42949
3.13793
3.28004
3.11986
3.20613
3.48511
2.81731
3.50267
2.73762
3.84649
3.39506
2.47115
1.88304
3.25972
3.65359
3.47929
2.60256
3.19699
3.00711
2.63889
3.45865
3.2756
3.0137
3.17529
3.24431
4.00857
2.96025
2.52601
3.2669
3.54783
4.19168
3.94071
2.37209
3.4965
3.19575
3.25
3.07988
2.82222
2.95652
3.48115
2.91603
3.96259
3.24464
3.29412
3.18519
4.05372
3.83926
4.19341
2.40598
3.98388
3.07562
3.30952
3.01401
3.30323
3.05853
3.81442
3.31849
3.76894
3.44812
2.34725
3.39548
2.89105
2
2.72826
2.56122
4.16708
2.9733
2.45833
3.36032
3.50257
3.21615
3.3202
2.81292
3.57606
3.31304
2.89076
3.3436
3.54328
2.41176
3.76104
2.51923
2.03425
3.05512
3.16897
3.08451
3.4955
3.32456
3.82893
2.61219
3.86466
3.56567
3.93499
2.97695
3.03766
3.25229
1.50503
3.65993
2.95918
3.51355
3.5727
2.63265
3.65972
2.9794
3.21853
4.15078
2.64539
3.49785
3.49856
3.54022
3.09424
3.14416
3.65304
3.72006
3.14573
2.99338
3.94208
3.87212
3.43705
3.5
3.0125
2.67654
2.9375
3.32014
2.61029
2.56471
3.51163
2.7395
4.04508
3.63292
2.75042
3.77785
3.25429
3.58901
4.17263
2.34174
2.69565
3.24501
3.79167
3.87304
2.37975
3.51249
3.21757
3.07265
3.81682
3.38313
3.20112
3.07915
3.74114
3.33333
3.05682
2.96181
3.49388
3.74444
2.93478
2.6092
3.39605
3.07001
3.03759
3.17284
3.41569
3.97632
2.98936
3.5096
3.05528
3.75932
2.84337
3.43065
3.28708
2.49367
3.83008
3.61251
1.91615
2.92823
3.70619
3.03704
3.64005
3.52774
3.50791
3.38755
3.7438
4.14397
3.61393
4.13252
3.06923
2.17105
3.66799
3.23529
2.8939
3.32398
2.99386
3.84381
2.48397
4.09454
2.99437
4.40801
3.6288
2.14286
2.70677
2.96703
2.42056
3.83908
2.54614
3.22513
3.40581
3.83008
3.1269
2.15873
3.3271
2.77119
2.72921
2.80159
3.40095
2.84186
3.19826
2.87736
2.29204
3.52505
3.74038
3.74155
2.2354
3.52294
3.18933
4.25401
3.97484
3.19695
3.50099
2.56322
3.12903
3.51434
3.19886
3.86287
2.6602
3.98287
3.49073
3.737
2.52074
3.05926
3.24522
3.28225
3.27027
3.16071
3.10567
2.66667
2.91165
4.24929
3.55021
2.97345
3.78595
3.90476
2.51756
3.83123
3.58165
2.44211
3.36575
3.52679
3.15504
3.37598
2.5
3.76457
3.79421
2.8
3.52835
2.85833
3.49275
3.11619
3.14218
2.93987
3.09063
3.88601
4.06612
2.37662
2.65823
3.35
2.36915
3.84729
3.79054
3.48996
3.58445
3.2397
3.54552
2.98095
2.97714
3.22131
3.27465
3.38695
3.13389
3.52475
3.54701
3.47386
3.13778
1.95556
2.70588
4.0724
3.14801
3.78145
4.10916
3.13953
2.96407
3.00461
3.18731
2.85714
3.2012
3.78535
3.51695
2.72849
3.17425
3.54867
3.93408
2.50669
4.11559
3.8234
2.96
3.45769
3.71459
2.86111
3.62712
2.68566
3.73469
3.04607
3.26457
3.42291
3.89191
2.99649
2.82366
2.16561
2.45077
2.58182
3.72293
3.21739
3.45973
2.62791
3.9459
3.49811
3.54576
2.70892
3.77255
3.38061
2.8963
3.47642
3.0885
2.35766
3.98803
4.19962
2.74492
3.42157
3.11224
3.51613
3.51253
2.44565
2.8821
3.93238
3.11042
2.84146
3.56526
2.85263
3.29437
4.18601
3.10788
2.61468
4.05285
3.17877
3.68293
3.57477
3.85256
2.75351
3.9392
3.42931
3.27655
3.06281
3.49735
3.93209
3.67174
2.365
3.17593
2.45455
2
3.41706
4.01612
4.19134
3.02663
3.16176
2.95918
3.15217
3.375
3.05738
2.83721
3.58824
3.54464
3.91774
3.22642
2.46018
3.32994
2.867
3.41593
2.7957
3.64198
2.19266
3.45161
2.70554
3.42291
3.18652
3.05417
2.29412
4.04943
3.39312
4.24793
3.08876
3.7196
1.99444
3.8882
3.68073
2.16149
3.01905
3.94181
2.67416
3.0177
2.48227
3.65887
2.74265
3.37112
2.57143
3.51205
3.98465
3.41329
3.326
3.18939
2.57557
3.67317
3.61742
2.95361
3.47481
3.54051
3.09105
3.88534
3.67768
3.5679
3.28571
3.597
2.65421
2.05303
3.0197
3.80873
3.61842
3.64
3.61661
2
3.65663
2.78805
3.3286
2.9375
3.62673
3.03185
3.80038
2.50101
3.40339
3.62903
3.52694
2.82105
3.76291
3.05099
3.77147
3.6546
3.93446
3.05214
3.21995
1.72115
4.03154
3.25166
3.31614
2.72751
3.28421
3.31721
3.44737
2.30508
3.05424
3.03918
4.03351
3.25472
3.80515
2.95276
2.96479
3.29426
3.60317
3.42126
2.76357
3.86322
2.21359
4.19213
3.25065
2.44203
4.28562
3.7223
3.28645
3.14118
3.48084
3.02215
3.40661
3.4254
2.82857
2.93277
3.17059
3.98
3.83845
2.6811
2.49138
3.49356
3.34762
2.8463
3.52787
3.29735
3.50996
3.73164
3.32825
3.2942
3.44711
3.55577
3.37012
3.64425
2.98632
2.69589
3.738
3.33566
3.10949
2.5375
2.53448
3.33021
3.1378
3.5
3.75124
1.81768
2.93829
3.5344
3.08736
3.21531
2.90526
2.51343
3.75828
3.3871
3.32267
3.94498
2.84457
2.47984
4.39846
4.07079
3.72595
3.04598
3.78947
3.59772
2.5861
3.28115
2.93737
2.66102
2.77019
3.02006
3.81011
3.06418
3.83398
3.06879
2.86531
3.71195
3.46018
2.74194
3.31123
2.59091
3.49847
2.64467
3.30793
2.81418
4.1238
3.31466
2.25411
3.2102
3.5687
3.78327
3.13034
3.0735
2.52174
3.27869
3.34742
4.08861
4.06815
3.58746
3.28144
3.33423
3.1989
2.80882
3.10261
1.97115
3.77435
2.92166
3.31817
3.07393
2.48864
3.79487
3.17879
1.93333
3.78503
1.85417
2.63068
3.76934
3.4123
2.0137
3.30828
1.93122
3.53361
4.18557
3.70297
3.02369
2.94137
4.18336
3.10279
3.03483
3.33602
3.15433
3.9625
3.18373
3.05783
2.74286
3.8464
3.73034
2.8109
2.85823
2.79167
2.85714
3.01508
3.82327
2.16486
2.84743
3.36842
3.33721
3.40037
3.01667
3.37676
3.50295
3.19488
2.92334
2.83133
3.15059
2.96606
3.78947
3.05561
3.07742
2.78016
3.75459
3.95655
3.43964
3.57934
2.12295
3.39344
3.69002
3.97482
3.07143
3.44013
2.14194
3.14179
2.18462
2.97455
3.31208
2.93233
3.23837
3.10938
3.27787
2.89744
3
3.10811
3.38905
3.53704
2.58861
3.21667
2.90323
2.91843
3.24498
3.77066
3.50706
3.18182
1.76768
3.42818
3.24359
4.00381
2.88889
3.33712
2.81728
4.03571
4.00468
3.48673
3.23293
3.44614
3.50116
3.38613
3.21226
4.01024
3.52165
4.08027
2.81179
3.92509
3.12298
3.54577
1.49624
3.50147
3.22281
4.24876
3.83965
3.71341
3.00525
3.47508
2.70248
2.95357
2.98965
3.39286
2.62676
3.18087
3.12203
3.20765
4.09737
2.36986
3.12551
2.79111
3.48
3.18759
3.64241
3.48093
3.05025
2.88687
3.49444
3.03821
3.90581
4.3487
3.23846
3.51931
3.79767
3.10532
3.10563
3.24243
3.12082
3.59241
2.35484
3.2997
3.11863
3.07143
3.36559
3.22245
3.69249
3.70526
2.75381
3.42329
3.51852
3.39892
4.1755
3.33183
3.26415
3.60465
2.77778
3.05181
3.55435
2.7561
2.85398
3.26496
2.92222
3.17178
2.75688
3.69081
4.14201
3.1524
2.35458
2.60526
3.7071
2.5653
3.44147
3.17932
3.22271
3.97533
2.65946
3.24432
3.39616
3.18797
3.34883
3.87669
3.31096
3.11966
3.13333
2.70347
3.06015
2.80324
3.49692
3.79736
3.18966
3.71855
3.63681
2.70376
2.65393
2.97661
3.99476
2.65517
2.97969
4.04395
3.56098
3.6701
3.17413
3.29435
3.41577
3.344
2.86607
2.82609
2.74632
2.53896
3.8614
3.06783
3.01852
3.15707
3.06977
3.21687
3.05732
1.80153
2.83206
2.728
2.94615
3.64788
3.31273
2.52308
3.39007
3.90258
3.73878
3.78759
3.76598
3.28618
3.68739
2.96175
4.38199
3.69748
3.45951
2.38523
2.79085
3.29508
2.74749
3.5144
2.87378
2.82309
3.59666
2.34177
2.09043
3.78985
2.50802
3.01412
3.76358
2.42744
3.32522
3.78866
3.42432
3.02454
3.15385
3.56481
3.07463
2.15625
2.34483
3.59682
2.8972
3.06723
2.69171
2.7651
3.92129
3.71569
3.36741
3.41062
2.76735
2.935
4.09674
3.9252
3.2619
3.25641
3.41323
2.7823
3.5844
4.03371
2.79027
2.86667
3.60474
3.40827
3.1133
3.37077
4.28997
2.84615
2.97403
3.21919
3.64439
2.41921
3.03883
3.61818
2.11811
4.46482
2.96396
2.93409
3.46172
4.0431
2.26295
2.81702
3.70153
2.72513
2.53778
3.53698
2.21053
2.4086
2.94702
3.13048
3.60891
3.86607
4.08796
2.79327
3.30435
3.03629
3.62857
3.16522
4.27979
3.53957
3.75509
3.91667
3.22414
3.76778
3.03108
3.27237
2.27517
3.35273
2.65043
2.0363
3.41608
2.18935
3.06971
2.65761
3.08696
3.03125
2.41962
3.57561
3.42009
3.07521
2.24167
2.56389
3.39352
3.74436
3.71024
3.71575
2.53069
3.78117
3.38849
2.2375
3.47712
2.88811
2.64435
4.46969
3.35678
1.79798
3.38309
3.74706
3.07167
3.25319
3.80347
3.13316
3.31609
2.45312
3.54369
3.87055
2.82881
3.37778
3.84437
2.20927
3.11852
3.47083
4.34442
2.36585
2.70803
2.95604
4.36075
4.01959
3.14352
3.09606
3.52029
3.00913
3.24479
3.78171
3.48221
3.82171
3.55413
3.18953
3.01681
3.19375
4.18987
3.14612
2.79887
2.23288
2.03846
3.59401
2.0495
3.144
3.60684
2.61905
3.48424
3.0495
2.45848
3.34386
2.90698
3.84364
3.25654
3.74061
3.35054
2.79046
3.32673
3.4069
3.85692
2.3598
2.95833
3.15625
2.88722
2.38435
1.9338
3.75897
3.33821
2.97462
2.38281
2.85154
3.95347
2.53947
2.99219
2.91643
3.53992
3.70737
3.85139
2.69903
3.16216
3.19617
3.0514
3.03366
3.26593
3.33437
3.48029
2.34983
3.73323
3.67211
3.436
2.72619
2.69697
2.57792
1.49776
2.04545
3.82616
3.65947
2.68595
2.52158
3.6375
3.38492
3.36559
3.19874
2.87352
3.07585
3.39833
3.5563
3.24057
3.78621
3.35067
2.76429
4.36986
3.46919
3.59644
3.92686
3.0339
3.05665
3.80804
3.03563
3.97902
3.75571
3.62174
2.70232
3.55942
2.91509
2.97021
2.63464
2.48387
3.92775
2.84615
3.06907
2.85116
3.23925
3.29915
3.80513
3.3125
3.04292
2.78817
2.0283
3.81411
3.96896
2.37117
4.18954
3.75575
3.40881
2.33702
2.89257
3.45059
2.46457
4.14084
3.20988
3.80167
3.54523
3.51471
3.04147
3.59751
3.09384
3.40603
3.67172
2.41584
2.08299
3.5225
3.33705
3.2284
1.76238
2.87222
4.03421
3.0915
4.07135
3.23283
3.64953
3.9105
3.15361
2.375
3.48708
2.86707
4.14445
2.75862
2.75569
3.32998
2.72378
2.42781
3.93874
3.68152
4.12373
3.54441
2.97872
2.67785
3.93756
3.31764
3.001
3.33558
3.33858
3.83274
3.13143
2.31646
3.48844
3.43571
3.41692
3.36111
3.09887
2.38614
3.49645
3.88758
3.04762
2.53738
3.68792
3.01166
2.75657
2.5
3.62432
3.45725
2.27869
3.97412
3.30928
3.56568
4.13621
3.0004
3.64233
2.9685
2.11
3.85521
2.93578
3.46863
3.58246
2.66667
3.0395
3.82994
3.75186
3.67658
2.97826
3.80184
3.94705
3.6654
3.79021
2.58469
3.22831
3.4931
2.83696
2.88584
2.99342
3.49684
3.13294
3.07741
3.65405
2.97232
3.5177
2.43627
2.92754
1.52214
3.35667
2.83546
3.80817
3.55305
3.99629
2.66667
2.55128
3.46519
3.27868
3.63718
2.87826
3.48395
2.88727
3.60109
2.73228
3.91089
3.36601
3.79856
3.82449
3.00971
3.41018
3.27132
3.15233
3.38817
2.40351
2.61058
2.875
3.46552
3.98614
2.4902
3.74378
3.476
3.3913
3.89619
3.11938
3.51261
3.27723
2.21014
3.42553
3.58637
3.93812
3.91667
2.97221
3.06858
3.88595
2.61054
3.02885
3.91392
3.62188
3.08977
3.20904
3.20879
3.53703
3.34375
3.14529
3.21007
2.98387
3.55138
3.61462
3.69697
3.34047
2.97426
3.3376
4.12295
3.83924
1.61538
3.15241
3.68578
3.05799
4.241
2.76433
3.24641
3.97132
3.66006
4.0388
3.7676
3.28997
3.47555
4.02962
3.06087
2.87429
2.57566
2.61111
2.62617
3.7012
2.06897
3.06383
3.03906
3.39752
3.60804
2.59433
2.8335
3.85361
2.78142
2.81633
3.54672
3.05882
3.35943
3.14054
3.38189
2.70455
3.14229
2.74958
2.31373
3.57484
2.8949
3.6027
2.90971
3.40566
2.80612
2.39785
3.28126
3.78017
3.02253
3.74843
3.09783
3.70948
3.21917
3.33075
2.6639
2.65497
2.6
3.83456
3.16541
3.22794
3.46983
2.65517
3.46186
3.17972
3.21514
4.0666
3.9631
2.16667
3.07237
3.81802
3.08354
3.15923
3.0199
2.67416
3.6953
2.99522
3.56812
3.35766
2.24064
2.84428
3.58252
3.56962
2.62162
3.2448
2.91892
2.82667
3.90908
3.73958
2.99468
3.53025
2.83471
4.12781
2.86986
3.18493
3.40006
2.80919
3.32432
2.36792
3.00867
3.74007
2.92059
3.85974
3.15385
3.13889
3.09711
2.72436
2.63415
3.1989
2.94737
1.87903
3.64058
3.42905
2.25954
3.66364
4.15391
2.8329
3.45957
3.04516
3.0625
2.60227
3.73675
3.8228
3.18929
3.18006
4.35234
2.8913
3.99421
3.13073
3
2.23602
3.03689
2.94728
3.86523
1.75969
3.4632
2.75249
3.07937
2.40196
3.09852
2.91244
3.64651
3.11851
2.71944
2.98727
2.9357
2.81944
2.2485
2.90099
3.44826
3.66316
4.16407
3.264
2.9233
2.90244
3.1126
3.42135
4.44833
2.76334
2.80108
2.67619
2.476
2.77027
2.42466
2.87387
3.25926
3.78287
2.56436
3.14286
3.77916
2.64957
3.64115
3.75057
2.9818
3.42105
3.61497
2.06667
3.45678
3.17083
3.99283
2.80442
3.29659
3.81481
3.54407
3.9725
2.8551
3.35676
3.10345
2.44539
3.39773
3.63317
3.30269
2.74576
3.3413
2.64516
4.10656
3.0904
3.77558
3.55902
2.46707
2.98596
2.58559
2.53571
2.20946
4.18644
2.55705
2.95053
3.5069
3.5137
3.02922
3.68108
3.3146
2.25962
3.02222
2.84225
2.70833
2.43298
2.74803
2.9728
3.37614
3.38207
3.24854
3.38124
2.95585
3
3.78674
3.78901
3.5193
3.98079
4.4675
3.92217
3.2602
3.54932
3.17833
3.76432
2.92705
3.55263
2.93525
2.77081
2.27917
3.60169
2.77366
3.14211
3.13366
2.96501
2.65942
3.41304
3.50012
2.72072
3.73267
4.24749
3.24779
3.07955
3.77766
2.46131
3.69244
2.37448
3.18167
3.81366
3.09877
3.47458
3.53678
2.28923
2.97289
2.94485
3.36939
3.75134
4.38008
2.63448
3.75766
2.41566
2.37624
3.52107
3.39791
3.34343
2.24096
3.54167
3.60027
3.92163
3.34406
2.66667
2.51546
2.9793
2.95122
4.09153
2.78319
3.09302
3.49365
3.17347
2.83226
3.3651
3.4592
2.59524
3.64901
2.9589
3.77429
3.50533
2.16667
2.53202
3.8807
3.07216
3.0303
3.06306
2.80334
3.61585
3.55751
2.7505
3.57484
3.6953
2.99544
2.86578
3.85377
4.5813
3.53912
3.33997
3.34597
3.38847
3.34661
4.18939
2.81042
3.76226
4.02675
3.51979
3.12768
4.44671
2.63303
2.36325
4.3937
3.14815
2.73077
3.36936
3.15484
3.68959
3.06111
3.08989
2.45255
4.15182
2.77795
3.90053
4.16306
3.759
2.29335
3.46248
3.48593
3.28634
3.61671
3.27097
2.79023
3.23529
3.52696
3.24189
2.96273
3.94167
2.96622
4.07997
3.57042
3.66463
3.32719
3.35135
3.4946
3.19115
3.01613
3.42532
3.2771
2.83415
2.48679
2.79734
3.01053
4.00694
2.24156
3.81063
3.51616
4.39676
2.98365
3.66892
3.12881
3.46
3.79945
3.77956
3.16079
2.33854
3.74671
4.40479
3.40668
3.57699
3.55823
3.80185
3.31674
3.93598
3.21359
3.10884
3.29937
2.96855
2.96744
2.88591
2.95288
3.71591
3.36364
3.58168
3.24333
3.4949
3.63095
3.79754
2.53521
3.95142
4.17303
2.50607
2.87805
3.09524
3.32949
3.0169
2.22222
3.53517
4.15797
3.33178
4.08971
3.80803
3.2521
3.06844
3.74595
2.85185
2.22511
3.87443
3.5793
3.36325
3.10959
3.14948
2.97419
3.74388
2.45312
3.93532
3.80214
3.13846
2.74627
2.96
3.06844
3.66643
2.23958
3.84295
2.92365
3.2113
2.11364
3.36434
1.98582
3.75214
2.68115
3.95597
4.04035
2.97895
3.00325
2.9156
2.83193
2.54945
3.49732
2.71908
2.14458
3.72454
2.18881
3.44199
3.57488
3.32337
3.20506
3.62824
2.65926
3.03301
3.32738
3.07725
2.71667
3.07831
3.97826
3.30392
2.95146
3.01929
2.7093
3.46226
2.27448
3.09711
3.69474
2.94366
2.38333
2.85714
3.57906
2.81559
3.52206
1.9375
3.45977
2.15858
3.02645
2.10843
3.41562
3.25581
2.48106
3.33012
2.91468
2.88073
3.38548
2.59506
2.90926
3.88824
2.73171
4.18262
2.7069
3.45058
2.82923
2.79621
3.18045
3.75761
3.78114
3.07853
4.12764
3.98865
3.42311
3.23564
2.91212
3.2327
3.38346
3.14058
2.84513
2.99408
2.76224
3.78523
3.68085
3.50676
2.4
3.55643
3.91213
2.70899
3.21898
2.53968
3.95236
2.42105
4.32588
3.34058
3.66397
3.09967
3.72374
3.72285
3.34595
2.28023
3.69239
2.58442
3.42705
3.75111
2.49346
2.99107
3.31228
3.21978
2.4266
3.0467
3.46898
2.94346
3.02985
3.86377
2.84091
2.94658
3.23596
3.58306
1.96396
3.64434
3.50806
3.58653
3.89752
3.28491
3.60504
3.24545
3.51397
2.50069
4.05042
2.6165
3.53081
4.10101
1.91139
3.91294
3.6878
3.07263
2.96528
3.11586
3.43548
3.30117
3.79018
3.45099
4.05724
3.90996
2.88514
3.30073
3.55051
3.20368
2.69536
4.08308
3.76731
3.64106
2.95492
2.46853
3.57041
3.36731
3.65613
2.96291
3.5567
3.20902
3.84963
3.30444
3.29912
3.55072
4.06835
3.39408
3.45961
3.09317
3.62018
4.00534
3.07438
2.72709
2.16316
2.92308
3.91667
2.49074
4.14384
4.04948
2.93676
3.92598
3.03055
3.21084
3.09996
3.67384
3.57576
3.09261
2.39683
3.46903
2.73611
3.70632
3.18333
3.31504
3.07895
2.86927
3.0869
3.76816
3.27083
1.45238
2.88112
2.39326
3.29534
4.11071
3.60867
2.24837
3.97768
3.09322
2.91606
2.71311
2.17857
2.30769
3.76
4.04653
4.16961
3.45659
3.97233
2.88321
2.97512
3.11972
3.43093
4.11103
3.48607
2.32292
2.32447
4.43471
2.79747
3.72881
2.42537
3.9841
3.62597
2.80689
3.31818
3.30867
2.04348
3.69239
3.73418
3.55294
3.86515
2.83333
2.54883
3.57673
3.52009
3.57264
3.88111
2.85415
2.9239
3.48254
2.99618
3.95365
2.53401
3.60476
3.91864
3.79863
2.24031
3.04087
2.4391
1.86486
3.18003
3.59707
3.44444
3.18898
2.56818
3.32207
3.25541
3.33333
3.43442
2.43878
2.99915
3.49519
3.09444
3.6838
3.04779
3.19196
2.6303
2.95652
3.76223
2.56122
3.73279
4.06566
2.70161
2.21053
3.49132
3.08086
2.87615
3.38146
3.70686
3.69254
3.52941
2.76471
3.69431
3.24948
3.55608
2.86933
2.75447
3.82339
3.90741
3.30359
3.79595
4.05192
3.08865
3.24832
3.64339
3.44444
2.80392
4.14601
3.32415
3.17105
3.5102
2.83832
3.62903
1.99448
4.00998
3.31387
2.53265
2.9346
2.83544
3.61635
2.3254
1.92014
3.16856
4.29924
3.19632
2.77358
3.98317
2.96333
2.97778
3.52364
2.85492
3.59451
3
2.89771
3.4861
2.66667
3.22956
2.06579
2.49324
2.89216
2.48326
4.26023
3.4761
4.46192
2.62304
3.44776
3.40411
3.29163
2.39796
2.79263
4.18881
3.31902
3.56931
3.72822
3.03543
3.55177
3.50519
3.12137
3.12411
3.17241
3.95044
2.49398
2.64103
2.69792
2.85515
3.69568
4.21739
3.0226
3.21687
3.14728
3.59628
2.64789
3.24385
4.13043
3.76155
2.72917
3.90718
1.81143
3.80742
3.12371
3.01524
3.34759
2.25333
4.07568
2.86869
3.2906
3.30415
3.40632
4.0915
2.05797
3.05753
2.45217
3.08189
3.95392
3.12727
3.38889
3.04537
3.20981
2.8559
3.09179
3.46809
2.48925
2.97191
3.67308
3.04861
3.52266
3.1758
2.9685
3.22124
3.66447
3.44681
3.53684
2.41558
4.11111
2.94737
3.60435
2.91548
2.53589
3.61427
3.49574
2.86161
1.78947
3.03102
3.39896
3.82194
2.9026
3.42869
3.65588
3.35242
3.718
3.16471
3.33191
3.05155
3.04473
3.23804
4.03344
3.27944
3.54062
2.80378
3.02593
4.07801
2.99091
2.26786
2.77555
3.34014
2.83275
2.49573
2.09278
2.68504
3.7726
2.49958
3.7094
3.52474
2.82188
2.51864
3.21995
1.84821
3.46479
3.03077
2.76212
2.80547
3.42543
3.65452
4.1599
3.22079
3.84804
4.14416
4.01561
2.61308
2.69778
3.56569
2.94526
3.19244
3.70282
3.43507
4.13889
3.72011
3.22302
2.67045
3.31496
3.30884
3.46467
3.21127
2.84641
2.68
3.48684
3.44816
3.50983
3.00574
2.53763
2.76613
2.52432
3.3211
2.60177
3.80421
2.97959
2.35806
1.98551
3.6808
3.58773
2.45833
3.81054
3.88761
2.20408
3.30224
2.74222
2.88576
3.43323
2.81942
3.2883
3.91208
3.875
2.57117
2.99321
3.24648
3.05696
3.02198
3.35385
4.12149
2.37931
3.55696
2.94944
2.95856
2.92481
3.15963
3.36533
3.43564
3.23196
3.54048
4.14172
3.68601
3.97414
3.54162
3.08229
2.76023
3.08201
2.58511
2.66974
3.01456
3
3.05882
2.30851
3.76616
3.36822
3.80358
3.39648
3.56403
3.49888
3.23877
2.44144
3.28709
3.03299
2.62838
3.80666
2.72389
3.57209
2.59504
4.29442
3.34498
3.22585
2.39815
2.95349
4.10526
3.57971
3.29829
2.41379
3.31807
3.57923
3.42053
3.3557
4.10353
4.00611
3.25568
3.40928
3.41538
3.47644
2.7398
2.9662
4.33875
3.44716
3.47826
3.42289
2.99248
3.77752
3.56903
2.74242
3.85635
3.6166
3.5848
2.69531
2.44565
3.36726
2.58879
3.63699
2.82913
2.59524
2.97333
2.96727
3.62896
3.23148
4.05811
2.91354
3.58937
2.96499
2.32759
2.75887
3.81972
2.86441
3.50476
3.14624
3.37736
3.07308
3.37363
2.65594
3.6978
2.73023
3.0569
2.63475
2.22405
2.71359
3.45406
2.08696
3.39507
4.02236
3.97671
3.44444
3.51518
3.66381
3.15573
2.7971
2.84876
2.43195
3.725
2.59542
3.10028
2.83696
4.23974
4.31169
3.13559
3.11243
3.81017
3.43993
3.22108
2.98204
3.10516
3.41755
2.59063
3.71612
3.58124
3.54516
3.19001
3.2729
3.31092
3.82773
3.65979
3.53106
2.79102
3.34573
3.10278
3.14593
2.32881
3.82267
3.33333
2.95012
3.41667
4.06936
2.94206
3.20465
3.76089
3.7619
3.56162
3.5693
3.03388
3.13651
3.93984
3.66519
3.63366
3.27358
3.27417
3.38356
3.52259
2.69307
3.52434
3.45565
2.94318
3.70619
2.65877
3.66522
3.99249
2.63291
2.80132
3.36019
3.15888
2.65566
2.92361
3.52556
3.48806
3.69533
2.05344
2.68125
3.44164
2.71171
3.99693
3.97297
2.46154
3.45378
2.81558
3.38395
3.04061
3.77451
2.64567
3.23762
3.25231
4.14513
3.12709
3.05278
3.39855
4.27381
3.33435
4.03061
3.12764
3.21212
2.89623
2.32
2.8897
3.7114
2.88779
3.03822
3.66152
3.68352
3.80291
2.58932
3.14286
3.3734
3.06557
2.73925
2.77119
3.3664
3.32653
3.18456
3.78883
2.98529
2.97437
3.04403
2.59091
1.66279
3.50288
2.39951
2.52823
3.33155
3.69159
3.4582
1.99099
2.94059
3.48366
3.68607
3.89011
2.74506
2.2623
4.03108
3.71204
3.4918
2.94048
2.88745
3.65575
3.07647
3.57447
3.65206
2.82143
3.27888
2.90583
3.36327
3.45455
3.19811
1.70466
2.9177
3.26446
3.11538
3.52916
2.91765
4.16407
2.77
2.96958
2.60465
3.67337
3.95597
2.57509
3.98112
3.47166
2.67111
2.90963
3.71658
3.7089
3.49526
3.78289
3.91489
1.96278
3.27586
4.14223
2.65347
3.95847
3.64936
2.83889
3.0625
2.51781
3.55454
2.48348
3.93919
4.58636
3.31773
3.1103
2.92105
2.73832
3.17493
3.38399
3.51877
1.7037
3.00855
3.07347
3.40556
2.80455
4.38677
3.32912
2.81075
2.9247
2.8046
2.75891
3.61386
3.28571
3.61949
3.69526
2.59843
3.93876
3.80263
2.59091
2.26885
3.53521
3.62019
3.14943
2.17984
3.45432
3.01031
4.34848
3.11923
3.55952
2.9617
3.61765
3.29561
4.01001
3.40127
3.42725
2.85158
2.97096
4.13479
4.19519
3.27692
3.91182
3.69751
2.22857
3.12804
2.94393
2.87373
2.97987
3.08148
3.60424
3.17442
2.66466
2.54916
2.98565
2.44681
3.54267
2.25231
2.7551
3.19143
3.79268
2.83529
3.05611
3.38033
2.04918
2.75281
3.14964
3.64925
3.45116
3.06711
2.50769
2.52778
2.95336
3.97935
3.19575
3.35735
4.24862
3.46201
3.57303
1.65152
4.06226
3.94586
3.43432
3.08673
2.60108
3.77028
3.46463
3.05
2.94507
3.58994
2.86277
3.14599
3.32773
2.7125
3.68842
3.01996
3.32011
2.48011
3.31496
3.54897
3.81376
2.53982
2.79592
2.57828
3.26176
3.10526
3.36537
2.92978
3.74664
3.47379
3.37589
3.99008
3.3983
3.09269
3.98071
2.99419
3.38462
2.85714
3.36185
3.53937
3.31263
3.021
3.09023
2.65882
3.86928
3.71788
3.58091
3.55763
3.65574
3.72438
3.41212
3.88984
2.98734
3.81019
3.3511
2.75752
3.21989
3.05948
3.69086
3.01527
2.52874
3.9913
3.60475
3.33092
3.84951
3.3911
2.07358
3.21711
3.1843
2.98129
1.82143
3.30287
2.57647
2.86248
1.90244
3.6129
3.99005
2.63008
3.23274
3.30143
2.53933
3.53235
3.49615
3.30166
2.5
2.26786
2.56436
3.06667
3.59346
3.15827
3.34754
2.94259
3.93596
3.75473
3.00877
2.91667
2.63721
3.70628
3.06602
3.13092
2.01481
2.90629
3.69818
3.51347
3.68638
3.69813
3.28035
4.05831
3.02022
3.15275
3.32766
2.86429
3.43323
3.79929
3.08612
3.74359
2.58824
2.83357
3.25692
2.90785
4.05138
3.68453
3.17672
3.20474
3.29817
3.34746
3.19694
2.72694
4.14286
3.50628
2.81368
2.8578
2.18557
2.87654
3.32061
2.97964
2.57699
3.14021
2.92308
2.87984
3.73636
3.40636
2.32298
3.28676
3.68137
2.84805
3.47691
3.71803
3.59653
2.99452
4.00639
3.21659
2.875
3.21912
3.68858
3.71965
2.85504
3.89533
3.09574
3.38095
3.50654
2.76101
3.58974
3.43472
4.02787
2.57282
3.82727
2.39583
2.96433
3.72362
3.33996
4.40408
3.74044
3.24342
2.88773
3.14706
2.54049
2.53719
2.63115
2.93162
3.59601
3.13043
3.76372
3.00699
3.96078
3.15613
3.6788
3.2128
3.29333
2.6
3.0371
3.53456
2.23474
3.13544
2.68451
3.21206
4.03286
2.76025
2.90977
3.36281
2.78154
3.59088
3.14507
2.84615
3.35553
3.71064
2.66843
3.18815
3.02538
3.43548
3.54404
3.56766
3.57934
2.50839
3.25684
3.2065
2.72705
3.42954
2.12025
3.88679
3.1938
2.87719
2.9863
3.79447
2.8317
3.02913
3.79449
3.88966
3.23582
3.90973
3.26667
2.98848
2.98148
3.42982
2.77215
3.84593
3.55729
3.02604
3.02186
3.48148
2.78448
3.13095
2.00763
3.49693
1.9125
3.75014
3.21629
3.62983
3.28858
3.53384
3.81067
2.2906
3.91479
2.43147
3.1875
3.48446
3.01942
3.5174
3.23256
2.94982
3.26164
3.06371
3.80645
2.96421
3.24885
3.76413
3.33493
2.78526
3.46585
2.53761
3.99366
3.88352
3.97682
2.32456
2.84701
3.55478
2.52381
3.05505
2.96554
3.71329
2.11688
2.76033
3.21642
3.46817
3.76473
3.68289
4.12063
3.36087
3.05172
3.35777
3.08621
3.67653
2.59149
2.93496
3.4089
3.54467
3.21344
2.76189
3.09689
3.27021
3.97697
3.39027
3.76615
3.16961
3.89381
2.38391
4.23046
3.17447
3.33473
2.87037
2.72993
4.17621
3.91822
3.27181
3.38922
3.24944
1.98925
2.22105
3.75405
4.0065
3.94251
2.6729
3.13677
4.14604
2.65278
4.51601
2.65185
4.17237
2.33636
2.75833
2.67766
3.70083
3.45919
3.18357
3.88537
3.57258
2.72041
4.67099
3.3141
2.89759
1.81646
2.30178
3.43461
2.56044
3.73558
2.63828
2.81761
3.29838
3.2033
3.52066
3.74068
3.27989
3.23781
2.98938
2.76829
2.87692
3.72686
3.64223
2.96811
3.72752
2.42714
3.52852
3.25117
3.93223
2.62577
2.86928
2.84971
3.23239
3.61285
1.72772
3.65813
2.86145
3.39382
3.28272
3.22222
3.58886
3.76798
3.16273
2.84667
3.72269
3.59394
3.66497
3.40496
3.36364
3.30723
3.01948
2.25249
3.26384
2.85638
3.47024
4.03573
3.45121
2.75472
4.15278
3.98235
2.91367
3.22949
3.24359
3.86239
2.70588
2.35273
3.26515
3.97578
3.03072
4.29588
3.89626
2.7095
3.27367
3.50538
3.38071
3.2444
3.6518
3.02685
3.45167
3.45019
3.24806
3.25437
2.44977
2.65018
3.69261
3.4878
2.31217
3.80721
3.78794
2.50403
3.82735
2.86633
3.50842
2.73611
3.032
2.63281
3.11823
3.76054
2.24658
2.69811
3.98965
2.14667
1.62745
2.82503
3.17273
3.58953
3.25517
1.71351
3.10853
2.87201
2.70427
3.4772
2.29577
2.2648
3.65854
3.83217
3.71935
2.99426
3.13178
2.31493
3.58867
1.4
2.37427
2.60504
3.8481
3.31754
2.79508
3.13178
3.72967
2.81682
2.98344
2.98276
3.12903
3.45751
3.8866
2.33333
3.62442
3.25758
3.12174
4.23802
2.99038
2.75734
3.18525
2.80808
3.20352
3.59966
2.9729
3.10244
2.10345
3.93137
2.82187
4.17096
2.72524
2
4.12959
3.79487
3.81381
3.21449
3.93851
3.28093
3.0766
3.90632
3.30632
3.14046
2.78641
2.98556
2.99153
3.26154
3.36173
3.48192
3.9466
3.35182
3.48629
2.73913
2.82534
2.86449
2.87324
2.65063
1.92424
3.78752
2.77326
3.10695
3.79688
2.67857
3.53411
2.75806
2.86665
2.2671
2.72298
4.00344
2.02326
2.77027
2.95726
2.92233
3.64253
3.64967
3.80983
2.9413
3.21644
3.21678
3.30265
2.03521
3.21429
2.53782
2.38037
3.4841
3.11852
3.05051
4.14086
3.18261
2.68581
2.24916
3.55326
1.76258
4.24582
2.89764
3.10273
3.2884
3.52463
3.35968
3.49129
3.00715
3.58065
3.65984
2.82846
3.86338
3.53719
3.12581
3.23426
2.3169
3.84845
3.78302
3.23759
3.75451
2.42361
3.48241
3.44436
2.66768
2.90654
3.17021
2.89809
2.33594
3.1063
1.74561
2.36957
3.17804
3.77032
3.51432
3.7931
3.21001
3.18697
3.27018
3.36653
3.15625
3.39501
2.84012
3.35569
3.01639
3.31608
3.63393
2.93342
3.3898
3.52528
3.73815
2.83764
3.65723
3.34157
2.80098
2.99052
3.01869
3.42433
3.54995
3.20261
3.08019
3.52258
3.08163
3.95273
2.68182
2.4359
3.84832
3.1871
2.81167
3.51305
2.52319
2.33654
3.84195
3.58008
3.59907
4.00568
3.21612
3.14674
2.1662
3.55778
3.65257
3.26446
2.75046
3.30789
3.73155
3.30213
1.9403
2.61151
3.09583
3.05938
3.75583
2.92382
2.70015
3.60976
2.15897
3.5042
2.86343
2.53165
3.32576
2.80362
3.08117
2.94626
4.12395
3.40123
3.63636
2.3476
3.60678
2.72638
2.71012
3.28333
3.94068
3.23325
3.51173
3.35057
3.12364
3.36087
3.07417
3.9637
3.1773
2.6
3.29813
2.5
3.76959
3.24561
2.98367
2.0874
2.05556
3.95238
3.44828
3.58833
3.70917
4.16228
3.34591
3.15385
3.70622
3.36056
3.38544
3.38948
2.78125
2.44531
3.49276
2.73348
2.86178
3.00612
2.75568
3.58612
3.06219
3.2024
3.52531
3.22595
3.85853
2.71357
3.39595
2.71554
2.79231
3.33824
3.01365
3.53233
3.4534
3.60804
3.92373
3.23459
2.84815
3.14476
2.85841
2.84722
3.69449
2.06608
3.08957
2.76119
3.73134
3.77477
2.51351
3.2641
3.45764
3.54899
2.67797
1.6
1.64228
2.86992
3.41176
2.64167
1.7417
1.81034
4.02349
3.74631
2.93333
3.90015
3.11707
3.61538
2.41503
2.92636
2.67136
3.43452
2.95238
2.76102
3.19246
4.2367
2.42391
3.51639
2.07212
3.66535
3.46789
3.1887
3.50178
4.02199
2.89823
2.67742
3.99439
3.08577
2.80137
2.8547
3.95389
3.64525
2.92778
3.15486
3.76494
2.432
3.20573
3.60063
3.64597
3.84453
2.70703
2.94276
2.53672
2.82203
3.51871
3.02741
3.53906
3.68404
1.88776
3.29609
3.6714
3.94517
2.96491
3.45775
3.70649
3.03659
3.61907
3.37467
3.35412
2.91304
3.43233
3.51867
2.94444
3.33481
3.6993
3.89618
3.72977
2.57619
3.69336
2.9589
2.58898
2.99754
3.54607
2.75926
3.08986
3.99528
3.5147
2.54038
3.98023
4.33955
3.13861
2.48739
3.09091
3.46713
3.21774
3.44678
3.55531
3.0547
2.58871
4.14454
3.81281
3.27273
3.22674
2.87875
3.25025
2.93677
2.9751
2.60331
2.97345
3.25225
3.76359
3.82683
2.94228
3.60504
3.81818
3.90619
3.68746
3
2.8137
4.26328
3.44369
3.64035
3.71461
4.41552
2.9661
2.57317
4.30507
3.65888
3.08642
3.37823
3.08537
3.33832
3.23643
3.47298
3.28788
3.90658
3.34206
3.33739
3.10526
2.93422
3.11905
2.94318
2.66748
2.70349
3.06542
3.67417
3.11864
3.64465
3.82857
3.3039
3.34234
3.10707
2.46875
2.67485
3.39196
2.46224
3.14896
2.39286
2.84277
3.9743
3.94611
2.34286
3.6437
3.26
2.31356
3.83333
3.69804
2.9359
2.86156
3.75366
2.95872
3.60337
3.92175
2.97222
3.69969
3.08736
2.75
1.76829
3.4075
2.94186
3.02551
2.64486
2.15152
3.0963
2.06429
2.93617
3.12346
2.9561
3.43648
3.76703
3.7287
3.52401
3.16547
2.75
4.20837
2.73118
2.67308
3.20079
3.90726
3.66667
1.93384
3.89604
4.3206
3.01778
3.50016
2.90678
4.15373
3.97576
2.65604
4.16644
3.90776
3.36583
3.4498
2.59284
3.11111
4.02497
2.9018
2.99473
3.13296
2.92913
2.51064
3.70813
3.32277
3.29836
3.96429
3.23024
2.77941
2.94708
3.56277
2.90927
3.64407
3.17736
3.59227
3.44104
3.54255
3.22329
3.2766
2.15625
2.59687
3.89239
3.66984
3.41731
2.95455
2.80317
3.07692
2.65285
3.39252
3.35887
2.83673
3.7247
3.40227
3.54362
2.87222
3.35355
1.87624
3.50143
2.63011
2.43094
3.06122
4.31545
3.27132
3.54505
2.36905
3.42919
2.7877
3.52603
3.88091
2.76721
2.875
3.12757
3.26324
3.20131
2.83965
2.9435
2.76471
3.19403
4.30986
3.64522
3
3.93993
3.30051
3.41489
3.12903
3.27217
3.45062
3.59406
3.05455
1.82692
2.44426
2.96721
4.17147
3.02575
2.80032
2.60638
3.36441
3.78662
3.86868
2.59076
2.96867
3.47187
3.24542
2.95758
3.54174
3.75641
2.92537
3.50196
4.16692
3.37536
3.13125
3.54487
3.3725
3.22689
2.8403
3.06723
2.10333
2.82075
3.65401
3.70474
3.36484
2.53846
3.36133
3.35862
3.46693
3.66667
3.75593
3.43353
2.37178
3.32968
3.50288
3.99449
2.68675
2.36872
3.00817
2.61947
2.54133
3.09568
3.42623
2.94828
3.82815
3.7027
4.06444
3.06015
3.65092
2.93664
2.70588
2.90484
4.04895
2.11275
2.8686
3.31159
3.6477
3.06818
3.83582
2.89691
3.19388
4.02194
3.54902
3.37826
2.63447
3.32356
2.41284
2.8617
3.15804
1.48739
3.41818
3.7822
3.16129
3.24528
4.28696
3.38976
3.51483
3.03839
3.32787
2.96244
2.50575
3.39566
2.96748
3.22267
3.75
2.64729
3.89591
3.26923
2.94106
3.06701
2.12222
3.61379
3.40417
2.6875
3.66689
3.44737
3.77613
2.57513
2.40244
3.35698
3.93913
3.04636
2.76224
1.94118
2.70347
4.55443
2.87444
3.31937
2.76064
3.34343
3.02703
3.38418
3.49495
3.12
3.23693
3.44632
3.81236
2.96766
2.85646
3.45078
3.85417
3.53175
2.20047
3.65357
3.40729
3.76401
3.8743
3.30535
3.57643
3.55224
2.817
3.41319
3.19784
3.74845
3.34113
3.47527
2.92213
3.1196
3.52564
3.37615
3.72588
2.97211
3.12785
3.48287
3.21528
2.86056
3.08821
4.11511
3.12969
2.90281
2.83256
4.09757
3.46998
3.63229
2.58185
3.13709
3.48789
3.38015
3.43447
3.05444
2.84322
4.27273
3.00877
3.27491
2.64912
2.62372
3.55772
2.96296
3.43836
3.84611
2.13934
3.41739
3.5515
4.32525
2.74815
3.76817
3.20139
2.95042
3.01852
2.74089
3.47518
2.60377
3.47112
3.37278
3.22191
2.77391
2.87692
3.62597
3.03956
3.06299
3.26325
2.47273
3.19101
2.76068
3.42163
3.28044
2.67816
3.63521
3.29161
2.09412
3.88134
2.96998
3.779
3.00777
3.06183
2.94872
3.21475
3.76047
3.39493
3.81194
3.39599
3.93197
3.78456
3.10063
3.16807
4.22095
3.5339
3.93096
3.37879
3.04631
4.33602
2.97829
2.68941
3.6734
3.05061
2.85124
3.03333
3.98944
3.78916
2
2.81466
3.68988
2.4539
3.60994
3.58623
2.3
3.29238
2.86641
2.91519
3.55144
4.05747
3.10495
2.49268
3.39683
2.40056
3.47679
2.95185
3.25031
4.03657
3.5
4.30289
3.56181
3.9692
3.47223
3.55424
2.95238
3.37964
3.11117
3.29756
3.86235
3.40097
2.0185
3.28788
3.10939
3.41463
3.20807
2.53143
3.18812
3.64931
3.34623
2.86979
2.57955
3.96828
3.29095
3.75987
2.0566
4.10955
3.42718
3.51265
3.0609
3.00741
2.36273
4.03708
3.01099
3.73494
3.3821
3.71984
3.1959
2.46637
3.00585
2.37037
3.51046
2.32836
3.52921
4.47369
3.42817
3.07274
3.11696
2.89716
3.75536
3.62105
2.97315
2.36667
3.05839
1.76596
3.04033
3.36637
2.83645
3.40549
2.94584
3.03676
3.37678
3.42453
3.08673
3.5973
3.4823
3.93523
3.74771
2.99336
2.79678
3.58824
4.04473
3.5
3.32839
3.59375
2.95745
3.97778
3.2791
3.64728
2.42857
3.62902
2.17808
3.68927
1.81053
3.55784
4.00696
1.85185
3.6899
2.94286
3.69383
3.04251
3.22565
3.14851
3.87633
3.72464
3.65033
3.73685
3.44767
3.25446
2.7889
3.33624
4.00392
3.45314
2.83938
2.20339
3.55491
3.50285
3.16875
3.15011
2.64332
3.13509
2.58462
3.47883
3.763
2.71569
2.46468
2.61449
